469 365 11 -8 1
80 362 2 -8 2
427 322 10 -7 3
383 323 9 -7 4
470 322 11 -7 5
338 322 8 -7 6
294 322 7 -7 7
206 321 5 -7 8
163 321 4 -7 9
120 321 3 -7 10
79 320 2 -7 11
38 318 1 -7 12
472 278 11 -6 13
428 279 10 -6 14
383 279 9 -6 15
338 278 8 -6 16
294 278 7 -6 17
250 278 6 -6 18
207 277 5 -6 19
163 277 4 -6 20
119 277 3 -6 21
77 277 2 -6 22
37 276 1 -6 23
472 234 11 -5 24
428 234 10 -5 25
383 234 9 -5 26
338 234 8 -5 27
250 234 6 -5 28
206 234 5 -5 29
163 233 4 -5 30
120 234 3 -5 31
77 234 2 -5 32
36 233 1 -5 33
338 190 8 -4 34
206 190 5 -4 35
36 190 1 -4 36
472 190 11 -4 37
428 190 10 -4 38
382 190 9 -4 39
163 190 4 -4 40
120 190 3 -4 41
77 190 2 -4 42
36 148 1 -3 43
250 147 6 -3 44
206 146 5 -3 45
162 146 4 -3 46
119 147 3 -3 47
77 147 2 -3 48
338 146 8 -3 49
472 145 11 -3 50
428 145 10 -3 51
383 145 9 -3 52
37 105 1 -2 53
77 104 2 -2 54
206 103 5 -2 55
162 102 4 -2 56
119 103 3 -2 57
471 102 11 -2 58
427 101 10 -2 59
382 101 9 -2 60
338 101 8 -2 61
293 101 7 -2 62
249 102 6 -2 63
39 64 1 -1 64
78 61 2 -1 65
119 59 3 -1 66
162 59 4 -1 67
426 57 10 -1 68
338 58 8 -1 69
293 58 7 -1 70
249 57 6 -1 71
206 58 5 -1 72
382 57 9 -1 73
80 20 2 0 74
120 18 3 0 75
162 15 4 0 76
249 14 6 0 77
205 15 5 0 78
293 13 7 0 79
383 13 9 0 80
338 13 8 0 81