239.5	-208.5	4.42118	3.95635
-249.5	165.5	-4.57882	-3.04365
246.5	170.5	4.42118	-3.04365
246.5	-163.5	4.42118	2.95635
-204.5	-112.5	-3.57882	1.95635
196.5	118.5	3.42118	-2.04365
195.5	174.5	3.42118	-3.04365
-244.5	-209.5	-4.57882	3.95635
196.5	-111.5	3.42118	1.95635
-248.5	-163.5	-4.57882	2.95635
-91.5	60.5	-1.57882	-1.04365
-33.5	60.5	-0.57882	-1.04365
-149.5	60.5	-2.57882	-1.04365
196.5	-167.5	3.42118	2.95635
198.5	3.5	3.42118	-0.0436488
140.5	3.5	2.42118	-0.0436488
82.5	3.5	1.42118	-0.0436488
140.5	61.5	2.42118	-1.04365
-204.5	2.5	-3.57882	-0.0436488
-147.5	174.5	-2.57882	-3.04365
140.5	177.5	2.42118	-3.04365
-91.5	175.5	-1.57882	-3.04365
-202.5	171.5	-3.57882	-3.04365
-147.5	-169.5	-2.57882	2.95635
197.5	61.5	3.42118	-1.04365
-148.5	117.5	-2.57882	-2.04365
-204.5	116.5	-3.57882	-2.04365
-204.5	59.5	-3.57882	-1.04365
82.5	-169.5	1.42118	2.95635
140.5	-169.5	2.42118	2.95635
-204.5	-55.5	-3.57882	0.956351
-90.5	-54.5	-1.57882	0.956351
-147.5	-112.5	-2.57882	1.95635
139.5	-53.5	2.42118	0.956351
196.5	-53.5	3.42118	0.956351
-200.5	-166.5	-3.57882	2.95635
24.5	-170.5	0.42118	2.95635
82.5	118.5	1.42118	-2.04365
140.5	118.5	2.42118	-2.04365
-90.5	-170.5	-1.57882	2.95635
82.5	177.5	1.42118	-3.04365
-33.5	-170.5	-0.57882	2.95635
24.5	177.5	0.42118	-3.04365
24.5	118.5	0.42118	-2.04365
-34.5	177.5	-0.57882	-3.04365
-149.5	2.5	-2.57882	-0.0436488
140.5	-112.5	2.42118	1.95635
23.5	60.5	0.42118	-1.04365
-149.5	-55.5	-2.57882	0.956351
24.5	-54.5	0.42118	0.956351
-33.5	-54.5	-0.57882	0.956351
-91.5	2.5	-1.57882	-0.0436488
-33.5	2.5	-0.57882	-0.0436488
24.5	-112.5	0.42118	1.95635
82.5	-112.5	1.42118	1.95635
81.5	-54.5	1.42118	0.956351
-91.5	-113.5	-1.57882	1.95635
-34.5	118.5	-0.57882	-2.04365
-92.5	118.5	-1.57882	-2.04365
81.5	60.5	1.42118	-1.04365
-33.5	-112.5	-0.57882	1.95635


4th TransMatrix :

			-8.96326e-12	-6.54346e-13	-6.77514e-12	-4.41719e-11	1.52704e-11	1.48083e-08	-2.67312e-10	1.19755e-08	-1.14448e-09	6.43028e-09	7.54063e-07	-6.2975e-07	0.0168345	5.56753e-05	0.0048495	
			-1.05161e-11	3.77012e-12	2.55212e-11	3.157e-12	1.38867e-10	2.03952e-10	-1.32815e-08	9.66755e-10	-9.31927e-09	7.5056e-08	3.29892e-08	-4.48093e-06	4.60751e-05	-0.0169766	0.0253343	
			1	1	1	1	1	1	1	1	1	1	1	1	1	1	1	







Linear model Poly44:
     f(x,y) = p00 + p10*x + p01*y + p20*x^2 + p11*x*y + p02*y^2 + p30*x^3 + p21*x^2*y 
                    + p12*x*y^2 + p03*y^3 + p40*x^4 + p31*x^3*y + p22*x^2*y^2 
                    + p13*x*y^3 + p04*y^4
Coefficients (with 95% confidence bounds):
       p00 =    0.004849  (-0.01292, 0.02262)
       p10 =   5.568e-05  (-9.819e-05, 0.0002095)
       p01 =     0.01683  (0.01672, 0.01695)
       p20 =  -6.297e-07  (-2.579e-06, 1.319e-06)
       p11 =   7.541e-07  (-3.487e-07, 1.857e-06)
       p02 =   6.437e-09  (-1.167e-06, 1.18e-06)
       p30 =  -1.144e-09  (-6.958e-09, 4.669e-09)
       p21 =   1.198e-08  (8.104e-09, 1.585e-08)
       p12 =  -2.673e-10  (-2.903e-09, 2.368e-09)
       p03 =   1.481e-08  (1.187e-08, 1.775e-08)
       p40 =   1.527e-11  (-4.192e-11, 7.246e-11)
       p31 =  -4.417e-11  (-8.055e-11, -7.796e-12)
       p22 =  -6.775e-12  (-4.049e-11, 2.694e-11)
       p13 =  -6.543e-13  (-2.112e-11, 1.981e-11)
       p04 =  -8.963e-12  (-3.306e-11, 1.514e-11)



Coefficients (with 95% confidence bounds):
       p00 =     0.02533  (0.009062, 0.04161)
       p10 =    -0.01698  (-0.01712, -0.01684)
       p01 =   4.608e-05  (-5.599e-05, 0.0001481)
       p20 =  -4.481e-06  (-6.266e-06, -2.696e-06)
       p11 =   3.299e-08  (-9.769e-07, 1.043e-06)
       p02 =   7.506e-08  (-9.997e-07, 1.15e-06)
       p30 =  -9.319e-09  (-1.464e-08, -3.995e-09)
       p21 =   9.667e-10  (-2.579e-09, 4.512e-09)
       p12 =  -1.328e-08  (-1.57e-08, -1.087e-08)
       p03 =    2.04e-10  (-2.49e-09, 2.898e-09)
       p40 =   1.389e-10  (8.649e-11, 1.912e-10)
       p31 =   3.157e-12  (-3.016e-11, 3.647e-11)
       p22 =   2.552e-11  (-5.352e-12, 5.639e-11)
       p13 =    3.77e-12  (-1.497e-11, 2.251e-11)
       p04 =  -1.052e-11  (-3.259e-11, 1.155e-11)
