



387 391 6 -6 1
316 392 5 -6 2
245 391 4 -6 3
174 391 3 -6 4
103 391 2 -6 5
454 388 7 -6 6
38 387 1 -6 7
388 321 6 -5 8
459 320 7 -5 9
316 321 5 -5 10
245 321 4 -5 11
174 320 3 -5 12
102 320 2 -5 13
34 319 1 -5 14
458 249 7 -4 15
387 250 6 -4 16
316 249 5 -4 17
245 250 4 -4 18
173 249 3 -4 19
102 249 2 -4 20
32 249 1 -4 21
458 179 7 -3 22
387 179 6 -3 23
316 179 5 -3 24
173 178 3 -3 25
101 178 2 -3 26
33 178 1 -3 27
245 107 4 -2 28
33 108 1 -2 29
459 107 7 -2 30
316 107 5 -2 31
388 106 6 -2 32
173 106 3 -2 33
102 106 2 -2 34
454 41 7 -1 35
38 41 1 -1 36
387 37 6 -1 37
174 36 3 -1 38
102 36 2 -1 39
316 34 5 -1 40
244 34 4 -1 41




316 392 5 -6 1
387 391 6 -6 2
245 391 4 -6 3
174 391 3 -6 4
103 391 2 -6 5
454 388 7 -6 6
38 387 1 -6 7
388 321 6 -5 8
459 320 7 -5 9
316 321 5 -5 10
245 321 4 -5 11
174 320 3 -5 12
102 320 2 -5 13
34 319 1 -5 14
458 249 7 -4 15
387 250 6 -4 16
316 249 5 -4 17
245 249 4 -4 18
173 249 3 -4 19
102 249 2 -4 20
33 249 1 -4 21
458 179 7 -3 22
387 179 6 -3 23
316 179 5 -3 24
173 178 3 -3 25
101 178 2 -3 26
33 178 1 -3 27
245 107 4 -2 28
34 108 1 -2 29
459 107 7 -2 30
316 107 5 -2 31
388 106 6 -2 32
173 106 3 -2 33
102 106 2 -2 34
455 40 7 -1 35
39 41 1 -1 36
387 37 6 -1 37
174 36 3 -1 38
102 36 2 -1 39
316 34 5 -1 40
244 34 4 -1 41




316 392 5 -6 1
387 391 6 -6 2
245 391 4 -6 3
174 391 3 -6 4
103 391 2 -6 5
454 388 7 -6 6
38 387 1 -6 7
388 321 6 -5 8
459 320 7 -5 9
316 321 5 -5 10
245 321 4 -5 11
174 320 3 -5 12
102 320 2 -5 13
34 319 1 -5 14
458 249 7 -4 15
387 250 6 -4 16
316 250 5 -4 17
245 249 4 -4 18
173 249 3 -4 19
102 249 2 -4 20
33 249 1 -4 21
458 179 7 -3 22
387 179 6 -3 23
316 179 5 -3 24
173 178 3 -3 25
101 178 2 -3 26
33 178 1 -3 27
245 108 4 -2 28
34 108 1 -2 29
459 107 7 -2 30
316 107 5 -2 31
388 106 6 -2 32
173 106 3 -2 33
102 106 2 -2 34
455 40 7 -1 35
38 40 1 -1 36
387 37 6 -1 37
174 36 3 -1 38
102 36 2 -1 39
316 34 5 -1 40
244 34 4 -1 41




316 392 5 -6 1
387 391 6 -6 2
245 391 4 -6 3
174 391 3 -6 4
103 391 2 -6 5
455 388 7 -6 6
38 387 1 -6 7
388 321 6 -5 8
459 320 7 -5 9
316 321 5 -5 10
245 321 4 -5 11
174 320 3 -5 12
102 320 2 -5 13
34 320 1 -5 14
458 249 7 -4 15
387 250 6 -4 16
316 250 5 -4 17
245 249 4 -4 18
173 249 3 -4 19
102 249 2 -4 20
32 249 1 -4 21
458 179 7 -3 22
387 179 6 -3 23
316 179 5 -3 24
173 178 3 -3 25
101 178 2 -3 26
33 178 1 -3 27
245 107 4 -2 28
34 108 1 -2 29
459 107 7 -2 30
316 107 5 -2 31
388 106 6 -2 32
173 106 3 -2 33
102 106 2 -2 34
455 40 7 -1 35
38 41 1 -1 36
387 37 6 -1 37
174 36 3 -1 38
102 36 1 -1 39
316 34 5 -1 40
244 34 4 -1 41




316 392 5 -6 1
387 391 6 -6 2
245 391 4 -6 3
174 391 3 -6 4
103 391 2 -6 5
454 388 7 -6 6
38 387 1 -6 7
388 321 6 -5 8
459 320 7 -5 9
316 321 5 -5 10
245 321 4 -5 11
173 320 3 -5 12
102 320 2 -5 13
34 320 1 -5 14
458 249 7 -4 15
387 250 6 -4 16
316 250 5 -4 17
245 249 4 -4 18
173 249 3 -4 19
102 249 2 -4 20
32 249 1 -4 21
458 179 7 -3 22
387 179 6 -3 23
316 179 5 -3 24
173 178 3 -3 25
101 178 2 -3 26
33 178 1 -3 27
245 108 4 -2 28
34 108 1 -2 29
459 107 7 -2 30
316 107 5 -2 31
388 106 6 -2 32
173 106 3 -2 33
102 106 2 -2 34
455 40 7 -1 35
39 41 1 -1 36
387 37 6 -1 37
174 36 3 -1 38
102 36 2 -1 39
316 34 5 -1 40
244 34 4 -1 41




316 392 4 -6 1
387 391 5 -6 2
245 391 3 -6 3
174 391 2 -6 4
103 391 1 -6 5
454 388 6 -5 6
38 387 0 -6 7
388 321 5 -5 8
459 321 6 -5 9
316 321 4 -5 10
245 321 3 -5 11
174 320 2 -5 12
102 320 1 -5 13
34 319 0 -5 14
458 249 6 -4 15
387 250 5 -4 16
316 249 4 -4 17
245 249 3 -4 18
173 249 2 -4 19
102 249 1 -4 20
32 249 0 -4 21
458 179 6 -3 22
387 179 5 -3 23
316 179 4 -3 24
173 178 2 -3 25
101 178 1 -3 26
33 178 0 -3 27
245 108 3 -2 28
34 108 0 -2 29
459 107 6 -2 30
316 107 4 -2 31
388 106 5 -2 32
173 106 2 -2 33
102 106 1 -2 34
455 40 6 -1 35
38 40 0 0 36
387 37 5 -1 37
174 36 2 -1 38
102 36 1 -1 39
316 34 4 0 40
244 34 3 -1 41




316 392 5 -6 1
387 391 6 -6 2
245 391 4 -6 3
174 391 3 -6 4
103 391 2 -6 5
454 388 7 -6 6
38 387 1 -6 7
388 321 6 -5 8
459 320 7 -5 9
316 321 5 -5 10
245 321 4 -5 11
174 320 3 -5 12
102 320 2 -5 13
34 319 1 -5 14
458 249 7 -4 15
388 250 6 -4 16
316 249 5 -4 17
245 249 4 -4 18
173 249 3 -4 19
102 249 2 -4 20
32 249 1 -4 21
458 179 7 -3 22
387 179 6 -3 23
316 179 5 -3 24
173 178 3 -3 25
101 178 2 -3 26
33 178 1 -3 27
245 107 4 -2 28
33 108 1 -2 29
459 107 7 -2 30
316 107 5 -2 31
388 106 6 -2 32
173 106 3 -2 33
102 106 2 -2 34
455 40 7 -1 35
38 41 1 -1 36
387 37 6 -1 37
174 36 3 -1 38
102 36 2 -1 39
316 34 5 -1 40
244 34 4 -1 41




387 391 6 -6 1
316 392 5 -6 2
245 391 4 -6 3
174 391 3 -6 4
103 391 2 -6 5
454 388 7 -6 6
38 387 1 -6 7
388 321 6 -5 8
459 320 7 -5 9
316 321 5 -5 10
245 321 4 -5 11
174 320 3 -5 12
102 320 2 -5 13
34 319 1 -5 14
458 249 7 -4 15
387 250 6 -4 16
316 250 5 -4 17
245 249 4 -4 18
173 249 3 -4 19
102 249 2 -4 20
32 249 1 -4 21
458 179 7 -3 22
387 179 6 -3 23
316 179 5 -3 24
173 178 3 -3 25
101 178 2 -3 26
33 178 1 -3 27
244 108 4 -2 28
34 108 1 -2 29
459 107 7 -2 30
316 107 5 -2 31
388 106 6 -2 32
173 106 3 -2 33
102 106 2 -2 34
455 40 7 -1 35
38 40 1 -1 36
387 37 6 -1 37
174 36 3 -1 38
102 36 2 -1 39
316 34 5 -1 40
244 34 4 -1 41




316 392 5 -6 1
387 391 6 -6 2
245 391 4 -6 3
174 391 3 -6 4
103 391 2 -6 5
454 388 7 -6 6
38 387 1 -6 7
388 321 6 -5 8
459 320 7 -5 9
316 321 5 -5 10
245 321 4 -5 11
173 320 3 -5 12
102 320 2 -5 13
34 319 1 -5 14
458 249 7 -4 15
387 250 6 -4 16
316 249 5 -4 17
245 250 4 -4 18
173 249 3 -4 19
102 249 2 -4 20
32 249 1 -4 21
458 179 7 -3 22
387 179 6 -3 23
316 179 5 -3 24
173 178 3 -3 25
101 178 2 -3 26
33 178 1 -3 27
245 108 4 -2 28
34 108 1 -2 29
459 107 7 -2 30
316 107 5 -2 31
388 106 6 -2 32
173 106 3 -2 33
102 106 2 -2 34
455 40 7 -1 35
38 40 1 -1 36
387 37 6 -1 37
174 36 3 -1 38
102 36 2 -1 39
316 34 5 -1 40
244 34 4 -1 41




316 392 5 -6 1
387 391 6 -6 2
245 391 4 -6 3
174 391 3 -6 4
103 391 2 -6 5
454 388 7 -6 6
38 387 1 -6 7
388 321 6 -5 8
459 320 7 -5 9
316 321 5 -5 10
245 321 4 -5 11
173 320 3 -5 12
102 320 2 -5 13
34 319 1 -5 14
458 249 7 -4 15
387 250 6 -4 16
316 250 5 -4 17
245 250 4 -4 18
173 249 3 -4 19
102 249 2 -4 20
32 249 1 -4 21
458 179 7 -3 22
387 179 6 -3 23
316 179 5 -3 24
173 178 3 -3 25
101 178 2 -3 26
33 178 1 -3 27
245 107 4 -2 28
34 108 1 -2 29
459 107 7 -2 30
316 107 5 -2 31
388 106 6 -2 32
173 106 3 -2 33
102 106 2 -2 34
455 40 7 -1 35
38 40 1 -1 36
387 37 6 -1 37
174 36 3 -1 38
102 36 2 -1 39
316 34 5 -1 40
244 34 4 -1 41




387 390 6 -6 1
316 392 5 -6 2
245 391 4 -6 3
174 391 3 -6 4
103 391 2 -6 5
454 388 7 -6 6
38 387 1 -6 7
388 321 6 -5 8
459 320 7 -5 9
316 321 5 -5 10
245 321 4 -5 11
173 320 3 -5 12
102 320 2 -5 13
34 319 1 -5 14
458 249 7 -4 15
387 250 6 -4 16
316 249 5 -4 17
245 249 4 -4 18
173 249 3 -4 19
102 249 2 -4 20
32 249 1 -4 21
458 179 7 -3 22
387 179 6 -3 23
316 179 5 -3 24
173 178 3 -3 25
101 178 2 -3 26
33 178 1 -3 27
245 107 4 -2 28
34 108 1 -2 29
459 107 7 -2 30
316 107 5 -2 31
388 106 6 -2 32
173 106 3 -2 33
101 106 2 -2 34
455 40 7 -1 35
39 41 1 -1 36
387 37 6 -1 37
173 36 3 -1 38
102 36 2 -1 39
316 34 5 -1 40
244 34 4 -1 41




387 391 6 -6 1
316 392 5 -6 2
245 391 4 -6 3
174 391 3 -6 4
103 391 2 -6 5
454 388 7 -6 6
39 386 1 -6 7
388 321 6 -5 8
459 320 7 -5 9
316 321 5 -5 10
245 321 4 -5 11
173 320 3 -5 12
102 320 2 -5 13
34 319 1 -5 14
458 249 7 -4 15
387 250 6 -4 16
316 250 5 -4 17
245 249 4 -4 18
173 249 3 -4 19
102 249 2 -4 20
32 249 1 -4 21
458 179 7 -3 22
387 179 6 -3 23
316 179 5 -3 24
173 178 3 -3 25
101 178 2 -3 26
33 178 1 -3 27
245 108 4 -2 28
34 108 1 -2 29
459 107 7 -2 30
316 107 5 -2 31
388 106 6 -2 32
173 106 3 -2 33
101 106 2 -2 34
455 40 7 -1 35
38 40 1 -1 36
387 37 6 -1 37
174 36 3 -1 38
102 36 2 -1 39
316 34 5 -1 40
244 34 4 -1 41




387 391 6 -6 1
316 392 5 -6 2
245 391 4 -6 3
174 391 3 -6 4
103 391 2 -6 5
454 388 7 -6 6
38 386 1 -6 7
388 321 6 -5 8
459 320 7 -5 9
316 321 5 -5 10
245 321 4 -5 11
173 320 3 -5 12
102 320 2 -5 13
33 319 1 -5 14
458 249 7 -4 15
387 250 6 -4 16
316 249 5 -4 17
245 249 4 -4 18
173 249 3 -4 19
102 249 2 -4 20
32 249 1 -4 21
458 179 7 -3 22
387 179 6 -3 23
316 179 5 -3 24
173 178 3 -3 25
101 178 2 -3 26
33 178 1 -3 27
245 108 4 -2 28
34 108 1 -2 29
459 107 7 -2 30
316 107 5 -2 31
388 106 6 -2 32
173 106 3 -2 33
102 106 2 -2 34
455 40 7 -1 35
39 41 1 -1 36
387 37 6 -1 37
174 36 3 -1 38
102 36 2 -1 39
316 34 5 -1 40
244 34 4 -1 41




316 392 5 -6 1
387 391 6 -6 2
245 391 4 -6 3
174 391 3 -6 4
103 391 2 -6 5
454 388 7 -6 6
38 387 1 -6 7
388 321 6 -5 8
459 320 7 -5 9
316 321 5 -5 10
245 321 4 -5 11
173 320 3 -5 12
102 320 2 -5 13
33 320 1 -5 14
458 249 7 -4 15
387 250 6 -4 16
316 250 5 -4 17
245 249 4 -4 18
173 249 3 -4 19
102 249 2 -4 20
32 249 1 -4 21
458 179 7 -3 22
387 179 6 -3 23
316 179 5 -3 24
173 178 3 -3 25
101 178 2 -3 26
33 178 1 -3 27
245 107 4 -2 28
34 108 1 -2 29
459 107 7 -2 30
316 107 5 -2 31
388 106 6 -2 32
173 106 3 -2 33
102 106 2 -2 34
455 40 7 -1 35
38 41 1 -1 36
387 37 6 -1 37
174 36 3 -1 38
102 35 2 -1 39
316 34 5 -1 40
244 34 4 -1 41




316 392 5 -6 1
387 391 6 -6 2
245 391 4 -6 3
174 391 3 -6 4
103 391 2 -6 5
454 388 7 -6 6
38 386 1 -6 7
388 321 6 -5 8
459 320 7 -5 9
316 321 5 -5 10
245 321 4 -5 11
174 320 3 -5 12
102 320 2 -5 13
33 319 1 -5 14
458 249 7 -4 15
387 250 6 -4 16
316 250 5 -4 17
245 249 4 -4 18
173 249 3 -4 19
102 249 2 -4 20
32 249 1 -4 21
458 179 7 -3 22
387 179 6 -3 23
316 179 5 -3 24
173 178 3 -3 25
101 178 2 -3 26
33 178 1 -3 27
245 108 4 -2 28
34 108 1 -2 29
459 107 7 -2 30
316 107 5 -2 31
388 106 6 -2 32
173 106 3 -2 33
102 106 2 -2 34
455 40 7 -1 35
38 40 1 -1 36
387 37 6 -1 37
174 36 3 -1 38
102 36 2 -1 39
316 34 5 -1 40
244 34 4 -1 41




387 391 6 -6 1
316 392 5 -6 2
245 391 4 -6 3
174 391 3 -6 4
103 391 2 -6 5
454 388 7 -6 6
38 387 1 -6 7
388 321 6 -5 8
459 320 7 -5 9
316 321 5 -5 10
245 321 4 -5 11
173 320 3 -5 12
102 320 2 -5 13
34 319 1 -5 14
458 249 7 -4 15
387 250 6 -4 16
316 250 5 -4 17
245 249 4 -4 18
173 249 3 -4 19
102 249 2 -4 20
32 249 1 -4 21
458 179 7 -3 22
387 179 6 -3 23
316 179 5 -3 24
173 178 3 -3 25
101 178 2 -3 26
33 178 1 -3 27
245 107 4 -2 28
33 108 1 -2 29
459 107 7 -2 30
316 107 5 -2 31
388 106 6 -2 32
173 106 3 -2 33
102 106 2 -2 34
455 40 7 -1 35
39 41 1 -1 36
387 37 6 -1 37
173 36 3 -1 38
102 36 2 -1 39
316 34 5 -1 40
244 34 4 -1 41




316 392 5 -6 1
387 390 6 -6 2
245 391 4 -6 3
174 391 3 -6 4
103 391 1 -6 5
455 388 7 -6 6
39 386 1 -6 7
388 321 6 -5 8
459 320 7 -5 9
316 321 5 -5 10
245 321 4 -5 11
173 320 3 -5 12
102 320 2 -5 13
34 319 1 -5 14
458 249 7 -4 15
387 250 6 -4 16
316 249 5 -4 17
245 250 4 -4 18
173 249 3 -4 19
102 249 2 -4 20
32 249 0 -4 21
458 179 7 -3 22
387 179 6 -3 23
316 179 5 -3 24
173 178 3 -3 25
101 178 2 -3 26
33 178 1 -3 27
245 107 4 -2 28
34 108 1 -2 29
459 107 7 -2 30
316 107 5 -2 31
388 106 6 -2 32
173 106 3 -2 33
101 106 2 -2 34
455 40 7 -1 35
38 40 1 -1 36
387 37 6 -1 37
173 36 3 -1 38
102 35 1 -1 39
316 34 5 -1 40
244 34 4 -1 41




387 391 5 -6 1
316 392 4 -6 2
245 391 3 -6 3
174 391 2 -6 4
103 391 1 -6 5
454 388 6 -5 6
39 386 0 -6 7
388 321 5 -5 8
459 320 6 -5 9
316 321 4 -5 10
245 321 3 -5 11
174 321 2 -5 12
102 320 1 -5 13
33 319 0 -5 14
458 249 6 -4 15
388 250 5 -4 16
316 250 4 -4 17
245 249 3 -4 18
173 249 2 -4 19
102 249 1 -4 20
32 249 0 -4 21
458 179 6 -3 22
387 179 5 -3 23
316 179 4 -3 24
173 178 2 -3 25
101 178 1 -3 26
33 178 0 -3 27
245 108 3 -2 28
34 108 0 -2 29
459 107 6 -2 30
316 107 4 -2 31
388 106 5 -2 32
173 106 2 -2 33
101 106 1 -2 34
455 40 6 -1 35
38 40 0 0 36
387 37 5 -1 37
173 36 2 -1 38
102 36 1 -1 39
316 34 4 -1 40
244 34 3 -1 41




387 391 5 -6 1
316 392 4 -6 2
245 391 3 -6 3
174 391 2 -6 4
103 391 1 -6 5
454 388 6 -5 6
39 386 0 -6 7
388 321 5 -5 8
459 320 6 -5 9
316 321 4 -5 10
245 321 3 -5 11
174 320 2 -5 12
102 320 1 -5 13
34 319 0 -5 14
458 249 6 -4 15
388 250 5 -4 16
316 250 4 -4 17
245 250 3 -4 18
173 249 2 -4 19
102 249 1 -4 20
32 249 0 -4 21
458 179 6 -3 22
387 179 5 -3 23
316 179 4 -3 24
173 178 2 -3 25
101 178 1 -3 26
33 178 0 -3 27
245 108 3 -2 28
33 108 0 -2 29
459 107 6 -2 30
316 107 4 -2 31
388 106 5 -2 32
173 106 2 -2 33
102 106 1 -2 34
455 40 6 -1 35
38 40 0 -1 36
387 37 5 -1 37
173 36 2 -1 38
102 36 1 -1 39
316 34 4 -1 40
244 34 3 -1 41




316 392 4 -6 1
387 391 5 -6 2
245 391 3 -6 3
174 391 2 -6 4
103 391 1 -6 5
454 388 6 -5 6
38 387 0 -6 7
388 321 5 -5 8
459 320 6 -5 9
316 321 4 -5 10
245 321 3 -5 11
173 320 2 -5 12
102 320 1 -5 13
33 319 0 -5 14
458 249 6 -4 15
388 250 5 -4 16
316 250 4 -4 17
245 249 3 -4 18
173 249 2 -4 19
102 249 1 -4 20
33 249 0 -4 21
458 179 6 -3 22
387 179 5 -3 23
316 179 4 -3 24
173 178 2 -3 25
101 178 1 -3 26
33 178 0 -3 27
245 108 3 -2 28
33 108 0 -2 29
459 107 6 -2 30
316 107 4 -2 31
388 106 5 -2 32
173 106 2 -2 33
101 106 1 -2 34
455 40 6 -1 35
38 40 0 -1 36
387 37 5 -1 37
173 36 2 -1 38
102 36 1 -1 39
316 34 4 -1 40
244 34 3 -1 41




387 390 6 -6 1
316 392 5 -6 2
245 391 4 -6 3
174 391 3 -6 4
103 391 2 -6 5
454 388 7 -6 6
38 387 1 -6 7
388 321 6 -5 8
459 320 7 -5 9
316 321 5 -5 10
245 321 4 -5 11
174 321 3 -5 12
102 320 2 -5 13
33 319 1 -5 14
458 249 7 -4 15
388 250 6 -4 16
316 249 5 -4 17
245 250 4 -4 18
173 249 3 -4 19
102 249 2 -4 20
32 249 1 -4 21
458 179 7 -3 22
387 179 6 -3 23
316 179 5 -3 24
173 178 3 -3 25
101 178 2 -3 26
33 178 1 -3 27
245 107 4 -2 28
33 108 1 -2 29
459 107 7 -2 30
316 107 5 -2 31
388 106 6 -2 32
173 106 3 -2 33
102 106 2 -2 34
455 40 7 -1 35
38 40 1 -1 36
387 37 6 -1 37
173 36 3 -1 38
102 35 2 -1 39
316 34 5 -1 40
244 34 4 -1 41




387 391 5 -6 1
316 392 4 -6 2
245 391 3 -6 3
174 391 2 -6 4
103 391 1 -6 5
454 388 6 -5 6
38 387 0 -6 7
388 321 5 -5 8
459 320 6 -5 9
316 321 4 -5 10
245 321 3 -5 11
173 320 2 -5 12
102 320 1 -5 13
33 319 0 -5 14
458 249 6 -4 15
388 250 5 -4 16
316 250 4 -4 17
245 249 3 -4 18
173 249 2 -4 19
102 249 1 -4 20
32 249 0 -4 21
458 179 6 -3 22
387 179 5 -3 23
316 179 4 -3 24
173 178 2 -3 25
101 178 1 -3 26
33 178 0 -3 27
245 108 3 -2 28
34 108 0 -2 29
459 107 6 -2 30
316 107 4 -2 31
388 106 5 -2 32
173 106 2 -2 33
102 106 1 -2 34
455 40 6 -1 35
38 40 0 0 36
387 37 5 -1 37
173 36 2 -1 38
102 36 1 -1 39
316 34 4 -1 40
244 34 3 -1 41




387 391 6 -6 1
316 392 5 -6 2
245 391 4 -6 3
174 391 3 -6 4
103 391 2 -6 5
454 388 7 -6 6
38 387 1 -6 7
388 321 6 -5 8
459 320 7 -5 9
316 321 5 -5 10
245 321 4 -5 11
173 320 3 -5 12
102 320 2 -5 13
34 319 1 -5 14
458 249 7 -4 15
388 250 6 -4 16
316 249 5 -4 17
245 249 4 -4 18
173 249 3 -4 19
102 249 2 -4 20
33 249 1 -4 21
458 179 7 -3 22
387 179 6 -3 23
316 179 5 -3 24
173 178 3 -3 25
101 178 2 -3 26
33 178 1 -3 27
245 107 4 -2 28
34 108 1 -2 29
459 107 7 -2 30
316 107 5 -2 31
388 106 6 -2 32
173 106 3 -2 33
102 106 2 -2 34
455 40 7 -1 35
37 40 1 -1 36
387 37 6 -1 37
173 36 3 -1 38
102 36 2 -1 39
316 34 5 -1 40
244 34 4 -1 41




387 391 6 -6 1
316 392 5 -6 2
245 391 4 -6 3
174 391 3 -6 4
103 391 2 -6 5
454 388 7 -6 6
39 386 1 -6 7
388 321 6 -5 8
459 320 7 -5 9
316 321 5 -5 10
245 321 4 -5 11
173 320 3 -5 12
102 320 2 -5 13
33 319 1 -5 14
458 249 7 -4 15
388 250 6 -4 16
316 249 5 -4 17
245 250 4 -4 18
173 249 3 -4 19
102 249 2 -4 20
32 249 1 -4 21
458 179 7 -3 22
387 179 6 -3 23
316 179 5 -3 24
173 178 3 -3 25
101 178 2 -3 26
33 178 1 -3 27
245 107 4 -2 28
34 108 1 -2 29
459 107 7 -2 30
316 107 5 -2 31
388 106 6 -2 32
173 106 3 -2 33
102 106 2 -2 34
455 40 7 -1 35
38 40 1 -1 36
387 37 6 -1 37
173 36 3 -1 38
102 36 2 -1 39
316 34 5 -1 40
244 34 4 -1 41




316 392 5 -6 1
387 391 6 -6 2
245 391 4 -6 3
174 391 3 -6 4
103 391 2 -6 5
455 388 7 -6 6
38 387 1 -6 7
388 321 6 -5 8
459 320 7 -5 9
316 321 5 -5 10
245 321 4 -5 11
173 320 3 -5 12
102 320 2 -5 13
34 319 1 -5 14
459 249 7 -4 15
388 250 6 -4 16
316 250 5 -4 17
245 250 4 -4 18
173 249 3 -4 19
102 249 2 -4 20
32 249 1 -4 21
458 179 7 -3 22
387 179 5 -3 23
316 179 5 -3 24
173 178 3 -3 25
101 178 2 -3 26
33 178 1 -3 27
245 107 4 -2 28
33 108 1 -2 29
459 107 7 -2 30
316 107 5 -2 31
388 106 6 -2 32
173 106 3 -2 33
101 106 2 -2 34
455 40 7 -1 35
38 40 1 -1 36
387 37 6 -1 37
173 36 3 -1 38
102 36 2 -1 39
316 34 5 -1 40
244 34 4 -1 41




387 391 6 -6 1
316 392 5 -6 2
245 391 4 -6 3
174 391 3 -6 4
103 391 2 -6 5
454 388 7 -6 6
38 387 1 -6 7
388 321 6 -5 8
459 320 7 -5 9
316 321 5 -5 10
245 321 4 -5 11
173 320 3 -5 12
102 320 2 -5 13
33 319 1 -5 14
458 249 7 -4 15
388 250 6 -4 16
316 250 5 -4 17
245 249 4 -4 18
173 249 3 -4 19
102 249 2 -4 20
32 249 1 -4 21
458 179 7 -3 22
387 179 6 -3 23
316 179 5 -3 24
173 178 3 -3 25
101 178 2 -3 26
33 178 1 -3 27
245 107 4 -2 28
